
01010001
01010101
01000101
01000100
01010011
00010001
01010001
01000100
01010011
00010001
01010000
01010100

00010000
01010101
00010101
01010100

00001000
00001100

01001011
01011010
01001101
00011011
01001111
01010000
00001000
00011011
01001001
01001101
00011011
01001001
01001101
00011011
01001001
01001101
00011011
01001001
01001101
00011011
01001001
01001101
00011011
01000101
01001101
00011011
01001001
01001101
00011011
01001001
01001101
00011011
01001001
01001101
00011011
01001001
01001101
00011011
01001001
01001101
00011011
01001001
01001101
00011011
01001001
01001101
00011011
01001001
01001101
00011011
01001001
01001101
00011011
01001001
01001101
00011011
01001001
01001101
00011011
01001001
01001101
00011011
01001001
01001101
00011011

01010000
01010100
00001000
00001100

01001001
01011011
01011001
01001011
01001001
01001111
01001101
01001110
01000010
01000011
00011000

01001011
01001011
01001001
01000011
00010010

00101011
00101011
00101001

01010100
00001101
00101101
01010100
01010000


01010000
01000010
01111110
00101001
01001101
00000111

01010001
01000000
00000000
01100001
01010000
00010100
01010001
01000000
01000000
01000000
01000000
01000000
01010101
00100001
01000101
01000101
01000101
01000101
01000101
01000101
00010001

01000101
01000101
01010001
01000000
01000000
01000000
01000000
01000000
00100001
00011100
00001101
01010000
01010101
01000101
01000101
01000101
01000101
01000101
00010001
01010101


01010001
01000000
01000000
01000000
01000000
01000000
01000000
00000000
01111110
01010000
00001100
01101101
01000101
01010000
00111100
01111100
01010001
00001100
01000000
01000000
01000000
01000000
01000000
00000000
01000011
01011111
01011110
00010011
01110110


01010000
00010000

01010001
01001111
01001101
01000000
01000000
01000000
01000000
01000000
01010100
01000100
00000000
00100100
00010100
01010000
00001100
01001111
01010001
00001111
00110111
01111110
00110111

00001100
01001111
01001101
00001111
01001101
01010001
01000000
01000000
00011100
01111110

01010001
00001100
01001101
00000011

01010000
00001100
01001111
01000011
00101110
01011111
01011110
00001111
00001100
01110111

01111111	(HALT)








