
01001001
01001001
01001001
01001001
01001001
01001001
01010000
00011000

01001001
01001001
01001001
01001001
01001001
01001001
01001001
01001001
01001001
01001001
01001001
01010001
00011000

01010000
01001101
01001101
01000011
00101101
00101101
00101001
00101001
00101001
00101001
00101001
00101001
00101001
00011000

01010000
00001000















01000110
01001101
00100011
01111010
01110011

00101101
00101101
00101101
00101101
00101101
00101101
01010000
01001101
01001101
01001101
01000011
00010100
01010000
00101101
01000011
00000100
00101101
00100111
00010100
00110111
00101101
01010000
01001101
01001101
01001101
01000011
00001000
01011000
00101101
00101101
00101101
01001101
01001101
01001101
01001101
01000011
00101101
00101101
00101101
00101101
00000100
01010000
01111010
01110110


01010000
01001101
01001101
01001101
01000011
00101101
00101101
00101101
00000100
01010100
01000000
01000011
00101101
00001000


00100110
00110110
01111010
01110010

00010100

















